0.741180
0.946030
0.616028
0.479935
0.607330
0.537521
0.236572
0.444962
0.228363
0.794052
0.885437
0.317215
0.463654
0.762497
0.546997
0.768570
0.422577
0.739731
0.455627
0.720901
0.464508
0.272629
0.095703
0.346085
0.198822
0.158066
0.201599
0.065994
0.484894
0.442917
0.757690
0.552505
0.432098
0.424057
0.998352
0.727493
0.399811
0.648361
0.407959
0.762833
0.997406
0.912704
0.720886
0.080399
0.084259
0.263962
0.921509
0.352066
0.769745
0.999008
0.244202
0.499710
0.413239
0.664719
0.173340
0.695206
0.624115
0.057968
0.443298
0.360428
0.261749
0.225632
0.038452
0.167252
0.435516
0.464584
0.193176
0.037552
0.504791
0.321701
0.391846
0.143204
0.078949
0.593857
0.368835
0.906082
0.017365
0.327927
0.108521
0.998062
0.429413
0.820786
0.845276
0.341019
0.674469
0.619308
0.063477
0.106827
0.361908
0.520370
0.497498
0.717361
0.351105
0.570847
0.131714
0.844498
0.751434
0.067612
0.200500
0.410110
0.922272
0.557541
0.188232
0.586075
0.472992
0.837509
0.829285
0.794266
0.262970
0.954391
0.108032
0.706558
0.401581
0.205063
0.258850
0.244827
0.248199
0.136398
0.766113
0.580948
0.412201
0.545273
0.364197
0.136795
0.752960
0.478561
0.037476
0.584244
0.379852
0.233139
0.020325
0.845169
0.652252
0.355881
0.797119
0.091446
0.179535
0.643661
0.102234
0.744949
0.821075
0.143356
0.920044
0.477554
0.686249
0.151840
0.484924
0.211136
0.134430
0.215988
0.281250
0.117569
0.774994
0.132675
0.043396
0.618729
0.467316
0.948776
0.755737
0.386490
0.320770
0.961166
0.652649
0.342728
0.694733
0.716721
0.218506
0.659317
0.198578
0.012314
0.187683
0.758133
0.691681
0.894821
0.544556
0.311050
0.283417
0.661118
0.523499
0.239944
0.333160
0.858078
0.608887
0.716690
0.450287
0.282578
0.535095
0.163162
0.494171
0.981491
0.286499
0.251236
0.574188
0.251694
0.097473
0.902786
0.049713
0.640060
0.452393
0.289688
0.530121
0.943466
0.085632
0.833817
0.874786
0.208786
0.981567
0.207047
0.193085
0.732895
0.374573
0.331253
0.844391
0.062668
0.749023
0.378311
0.438080
0.994980
0.839294
0.770096
0.833527
0.576706
0.629761
0.178482
0.140106
0.104721
0.354797
0.525345
0.717194
0.125900
0.498779
0.982559
0.174164
0.437119
0.796082
0.972000
0.370392
0.085251
0.231079
0.165543
0.415253
0.367172
0.038147
0.485062
0.668121
0.829758
0.701660
0.102432
0.738373
0.269882
0.955994
0.439529
0.485382
0.734421
0.785522
0.168228
0.018524
0.520248
0.424622
0.210403
0.697174
0.174240
0.357666
0.737930
0.130707
0.493271
0.319031
0.172684
0.178497
0.524216
0.293091
0.186539
0.949921
0.563950
0.514221
0.701370
0.804352
0.159348
0.466797
0.889053
0.351166
0.107285
0.885193
0.171463
0.449738
0.454636
0.753784
0.220474
0.209442
0.498276
0.306946
0.957962
0.989655
0.785080
0.029053
0.555801
0.399750
0.111923
0.654480
0.435867
0.299103
0.525681
0.167603
0.270035
0.797089
0.323227
0.802795
0.980179
0.253082
0.051437
0.044434
0.738174
0.276459
0.507187
0.626892
0.965897
0.726593
0.737350
0.534546
0.335220
0.712860
0.038803
0.001770
0.768021
0.594635
0.958420
0.512939
0.436172
0.981293
0.293076
0.802429
0.761551
0.732208
0.089645
0.854614
0.416031
0.956757
0.645004
0.903870
0.321487
0.014313
0.506027
0.434570
0.649796
0.514252
0.469589
0.181091
0.822830
0.315948
0.582565
0.127808
0.512466
0.528778
0.141830
0.509094
0.640579
0.512115
0.694260
0.809326
0.379044
0.875336
0.036728
0.762878
0.149734
0.477814
0.216110
0.354126
0.624527
0.428925
0.529282
0.817444
0.725296
0.088043
0.523117
0.637207
0.623917
0.064545
0.994492
0.547791
0.742264
0.217804
0.990280
0.533569
0.752213
0.657196
0.807358
0.828918
0.575638
0.742096
0.992599
0.918213
0.384415
0.081879
0.342880
0.535828
0.600418
0.535919
0.905075
0.666138
0.895523
0.213593
0.976059
0.543518
0.191605
0.474274
0.102707
0.652344
0.660538
0.927338
0.081894
0.726990
0.724197
0.432159
0.960495
0.751831
0.054459
0.098114
0.035385
0.961243
0.573196
0.284576
0.853439
0.839600
0.452286
0.600922
0.211533
0.121277
0.113602
0.906525
0.156540
0.790649
0.229019
0.310760
0.985336
0.082092
0.720413
0.173004
0.244797
0.479980
0.759659
0.102631
0.731796
0.718689
0.768631
0.959015
0.493210
0.782593
0.419205
0.851532
0.825912
0.906067
0.633255
0.139557
0.276779
0.573486
0.582657
0.432465
0.642685
0.519226
0.689285
0.589630
0.970505
0.727661
0.625015
0.720428
0.557114
0.433167
0.311722
0.184235
0.949387
0.120117
0.921280
0.590424
0.944199
0.522888
0.875565
0.798370
0.588425
0.625854
0.846451
0.917450
0.178940
0.663391
0.755814
0.307037
0.262619
0.119873
0.775528
0.576508
0.636337
0.729675
0.327469
0.585236
0.346970
0.477173
0.083511
0.442596
0.691391
0.596741
0.965530
0.507965
0.216476
0.572754
0.145401
0.390717
0.719101
0.139587
0.044998
0.950226
0.246140
0.281616
0.336197
0.295868
0.094467
0.233215
0.940872
0.787018
0.810959
0.478760
0.030899
0.033051
0.192490
0.752625
0.028152
0.893341
0.285934
0.039185
0.604507
0.477264
0.388168
0.572815
0.681839
0.144196
0.046066
0.837891
0.432022
0.503510
0.056503
0.568787
0.276932
0.414581
0.466354
0.749878
0.888443
0.986786
0.572495
0.615540
0.188431
0.579498
0.921799
0.650146
0.348770
0.802094
0.311142
0.588074
0.791336
0.513947
0.787399
0.413696
0.188004
0.824432
0.647446
0.361389
0.460648
0.092926
0.438156
0.915527
0.781143
0.928802
0.956406
0.810486
0.571365
0.191437
0.249069
0.030640
0.503189
0.990204
0.613022
0.810364
0.498489
0.684479
0.595139
0.634033
0.729141
0.883636
0.992294
0.236023
0.617020
0.447052
0.851364
0.600708
0.834000
0.484100
0.469223
0.962463
0.301956
0.354156
0.392746
0.805664
0.192764
0.666595
0.418808
0.864685
0.928299
0.280792
0.594284
0.123901
0.180435
0.306122
0.216049
0.817688
0.871048
0.101959
0.830978
0.430420
0.172012
0.277679
0.235947
0.696472
0.505203
0.692657
0.477829
0.600220
0.542496
0.456268
0.853500
0.376038
0.205765
0.927887
0.909836
0.508301
0.666885
0.716888
0.443710
0.731384
0.347733
0.682648
0.501999
0.029663
0.920181
0.934540
0.381577
0.637512
0.306107
0.831940
0.629318
0.039307
0.677383
0.984222
0.042099
0.969421
0.455887
0.250763
0.666794
0.412231
0.313492
0.740936
0.800278
0.602112
0.172073
0.814117
0.989426
0.023438
0.203506
0.079681
0.031113
0.410583
0.829666
0.397003
0.972214
0.747925
0.722427
0.875458
0.109604
0.269836
0.803665
0.874420
0.990158
0.460693
0.245255
0.003265
0.410751
0.054871
0.469070
0.121368
0.418259
0.036743
0.146988
0.338104
0.309555
0.640686
0.200882
0.012848
0.631516
0.351074
0.802628
0.754974
0.181015
0.902283
0.374100
0.423859
0.004929
0.278687
0.587173
0.128876
0.400131
0.714661
0.363724
0.229401
0.913498
0.694580
0.875626
0.334808
0.341904
0.952820
0.544754
0.304474
0.732224
0.473755
0.042984
0.247772
0.381332
0.491760
0.292191
0.524078
0.836105
0.491211
0.464249
0.742767
0.893417
0.206482
0.981033
0.763214
0.600143
0.621948
0.514420
0.694794
0.253159
0.971985
0.986282
0.896881
0.399338
0.740967
0.568497
0.978851
0.835556
0.663269
0.682938
0.800079
0.608688
0.723267
0.001480
0.469940
0.015610
0.155334
0.445999
0.347809
0.603195
0.443848
0.188370
0.043060
0.168320
0.323181
0.650467
0.415070
0.757858
0.777710
0.504166
0.573212
0.668686
0.041809
0.671341
0.876862
0.447678
0.599854
0.323868
0.935394
0.891708
0.186218
0.883621
0.608185
0.047653
0.785278
0.022476
0.004608
0.212387
0.631409
0.662308
0.484039
0.932785
0.208984
0.974991
0.655853
0.005722
0.252380
0.382401
0.379425
0.478073
0.745972
0.556412
0.764130
0.646713
0.924133
0.418900
0.169342
0.058517
0.271240
0.141739
0.204437
0.510361
0.521667
0.146805
0.728790
0.049118
0.659790
0.105972
0.851776
0.971664
0.919983
0.941116
0.932770
0.824875
0.786621
0.824112
0.581146
0.405624
0.994080
0.176834
0.656281
0.760788
0.526733
0.671158
0.267548
0.187241
0.618958
0.228958
0.774323
0.231857
0.755127
0.022110
0.785980
0.691513
0.669617
0.472488
0.161896
0.613083
0.346802
0.251968
0.011444
0.293442
0.021057
0.282425
0.694000
0.279465
0.176758
0.735733
0.818939
0.368027
0.548279
0.033768
0.245636
0.606003
0.119995
0.848404
0.083466
0.290268
0.126282
0.101517
0.691803
0.967697
0.051514
0.964981
0.680023
0.435165
0.630066
0.860672
0.907501
0.739548
0.846313
0.460464
0.483612
0.177719
0.934631
0.686234
0.767731
0.296555
0.379395
0.709854
0.369232
0.892929
0.914978
0.953201
0.147491
0.013718
0.525757
0.088150
0.211884
0.955795
0.446106
0.036575
0.921783
0.266037
0.160400
0.970352
0.886566
0.741318
0.403015
0.311356
0.965607
0.428513
0.158325
0.731461
0.268280
0.624496
0.660706
0.152542
0.153961
0.876144
0.394531
0.746475
0.232025
0.980331
0.094177
0.935135
0.361847
0.983932
0.744019
0.390396
0.652802
0.183823
0.578430
0.034134
0.464264
0.126877
0.081787
0.038223
0.405609
0.609970
0.988464
0.824539
0.336212
0.679977
0.282837
0.064957
0.365448
0.633774
0.199280
0.681351
0.852692
0.018234
0.222168
0.845596
0.407318
0.630234
0.085876
0.979568
0.888702
0.516647
0.774780
0.755142
0.406219
0.974350
0.523254
0.094193
0.319244
0.550217
0.815674
0.168594
0.237152
0.041122
0.386414
0.400223
0.019318
0.493942
0.219849
0.460953
0.775116
0.205551
0.550354
0.272659
0.863922
0.722824
0.862305
0.007217
0.895111
0.842636
0.890076
0.086502
0.728058
0.611862
0.618042
0.182388
0.472137
0.327377
0.280579
0.216751
0.486725
0.536057
0.362061
0.361465
