0.741180
0.946030
0.616028
0.479935
0.607330
0.537521
0.236572
0.444962
0.228363
0.794052
0.885437
0.317215
0.463654
0.762497
0.546997
0.768570
0.422577
0.739731
0.455627
0.720901
0.464508
0.272629
0.095703
0.346085
0.198822
0.158066
0.201599
0.065994
0.484894
0.442917
0.757690
0.552505
0.432098
0.424057
0.998352
0.727493
0.399811
0.648361
0.407959
0.762833
0.997406
0.912704
0.720886
0.080399
0.084259
0.263962
0.921509
0.352066
0.769745
0.999008
0.244202
0.499710
0.413239
0.664719
0.173340
0.695206
0.624115
0.057968
0.443298
0.360428
0.261749
0.225632
0.038452
0.167252
0.435516
0.464584
0.193176
0.037552
0.504791
0.321701
0.391846
0.143204
0.078949
0.593857
0.368835
0.906082
0.017365
0.327927
0.108521
0.998062
0.429413
0.820786
0.845276
0.341019
0.674469
0.619308
0.063477
0.106827
0.361908
0.520370
0.497498
0.717361
0.351105
0.570847
0.131714
0.844498
0.751434
0.067612
0.200500
0.410110
