 %time  cumsecs  #call  ms/call  name
  99.1    68.40      1 68400.00  _slow_sort
   0.3    68.63 167260     0.00  _compare
   0.2    68.77      1   140.00  _qsort
   0.2    68.91                  mcount
   0.1    68.96  10000     0.01  .rem
   0.0    68.98      1    20.00  _chk_arrays
   0.0    68.99  14899     0.00  .mul
   0.0    69.00      1    10.00  _main
   0.0    69.01  10000     0.00  _rand
   0.0    69.01   4898     0.00  .div
   0.0    69.01      2     0.00  .udiv
   0.0    69.01      4     0.00  .umul
   0.0    69.01      2     0.00  __doprnt
   0.0    69.01      1     0.00  __doscan
   0.0    69.01      1     0.00  __filbuf
   0.0    69.01      2     0.00  __findbuf
   0.0    69.01      1     0.00  __flsbuf
   0.0    69.01      1     0.00  __wrtchk
   0.0    69.01      3     0.00  __xflsbuf
   0.0    69.01      2     0.00  _bzero
   0.0    69.01      2     0.00  _calloc
   0.0    69.01      1     0.00  _exit
   0.0    69.01      1     0.00  _fflush
   0.0    69.01      2     0.00  _free
   0.0    69.01      2     0.00  _gcalloc
   0.0    69.01      2     0.00  _ioctl
   0.0    69.01      2     0.00  _isatty
   0.0    69.01      2     0.00  _localeconv
   0.0    69.01      6     0.00  _malloc
   0.0    69.01      2     0.00  _memchr
   0.0    69.01      2     0.00  _on_exit
   0.0    69.01      2     0.00  _printf
   0.0    69.01      1     0.00  _profil
   0.0    69.01      1     0.00  _read
   0.0    69.01      2     0.00  _sbrk
   0.0    69.01      1     0.00  _scanf
   0.0    69.01      1     0.00  _strcpy
   0.0    69.01      1     0.00  _strlen
   0.0    69.01      1     0.00  _ungetc
   0.0    69.01      3     0.00  _write
